1   5   9   13   2   16   17   21   18   6   12   24   25   22   10   8   20   23   19   14   4   15   11   7   3

  4   4   4  -11  14   1    4    -3  -12  6   12    1   -3  -12   -2   12   3   -4   -5   -10  9   -4   -4  -4


l   m   s   d    o   _   u    o    r    i   m    l    e    p    _     o    r    t    _    _    s    a    i    m    e


1   5   9   13   2   6   10   14   3    7   11   15   4    8    12    16 | 17   21   18   22   19   23   20   24 | 25

0   1   2   3    4   9   14   19   24   23  22   21   20   15   10    5    6    7    8    13   18   17   16   11   12

for each side i < 5
    side--
        for


